[app/ui]
version = 7.0.1
modtime = 1514437350.255245000

[app/launcher]
version = 7.0.1
modtime = 1514437350.257398000
